0 297100 112400 0 926200 0
0 177300 101700 0 899000 0
0 65400 93300 0 889400 0
0 45400 86300 0 892600 0
0 159100 80000 0 906300 0
0 279000 74300 0 928700 0
0 407000 68700 0 958400 0
591400 45300 3200 204700 31600 14200
581400 134100 9400 198500 90700 13600
562300 218400 15800 187100 138800 12700
535900 296100 21900 172700 172300 11600
504300 365500 28100 157500 190000 10500
469800 426900 34300 142700 194300 9400
433900 480300 40200 129300 188000 8700
433900 856400 25400 29200 883100 6700
469800 706100 39100 23700 962300 6100
504300 536100 52400 19000 1026900 5300
535900 352200 65500 15700 1078200 4100
562300 159100 78800 14400 1118800 2800
581400 41100 93100 15200 1152300 1000
591400 251500 109500 0 1184700 800
