31659
31659
31659
31659
31659
31659
31659
31659
31659
31659
31659
31659
31659
31659
31659
31659
31659
31659
31659
31659
31659
31659
31659
31659
31659
31659
31659
31659
31659
31659
31659
31659
31659
31659
31659
31659
31659
31659
31659
31659
31659
31659
31659
31659
31659
31659
31659
31659
31659
31659
31659
31659
31659
31659
31659
31659
31659
31659
31659
31659
31659
31659
31659
31659
31659
31659
31659
31659
31659
31659
31659
31659
31659
31659
31659
31659
31659
31659
31659
31659
31659
31659
31659
31659
31659
31659
31659
31659
31659
31659
31659
31659
31659
31659
31659
31659
31659
31660
31661
31662
31663
31666
31670
31675
31685
31710
31742
31926
32114
32267
32433
32606
32776
32954
33180
33408
33463
33464
33464
33463
33462
33461
33459
33459
33459
33458
33459
33459
33459
33459
33459
33459
33459
33459
33459
33459
33459
33459
33459
33459
33459
33459
33460
33460
33461
33463
33468
33507
33637
33852
34146
34495
34835
35163
35499
35873
36294
36746
37111
37346
37482
37634
37815
37978
38066
38065
38064
38062
38061
38059
38058
38058
38058
38058
38058
38058
38058
38058
38058
38058
38058
38058
38058
38058
38059
38059
38059
38059
38060
38062
38063
38064
38066
38073
38126
38256
38333
38394
38396
38396
38396
38396
38396
38395
38395
38394
38393
38392
38392
38392
38392
38392
38392
38392
38391
38391
38391
38391
38391
38391
38391
38391
38391
38390
38390
38388
38387
38385
38381
38373
38367
38361
38349
38257
38035
37751
37471
37273
37149
37105
37064
36974
36864
36729
36618
36520
36452
36385
36373
36374
36375
36376
36378
36379
36380
36380
36380
36380
36380
36380
36380
36380
36380
36380
36380
36380
36380
36380
36380
36380
36380
36380
36380
36380
36380
36380
36380
36380
36380
36380
36380
36379
36379
36379
36379
36378
36378
36377
36377
36376
36375
36374
36373
36372
36371
36364
36348
36296
36158
35989
35797
35605
35417
35188
34884
34428
33928
33603
33404
33220
33016
32813
32634
32489
32402
32306
32267
32263
32263
32263
32263
32264
32264
32265
32266
32267
32269
32270
32271
32271
32270
32270
32270
32270
32270
32270
32270
32270
32270
32270
32270
32270
32270
32270
32270
32269
32269
32269
32268
32267
32266
32266
32265
32265
32264
32256
32219
32036
31831
31639
31442
31308
31264
31261
31256
31257
31258
31258
31258
31258
31258
31258
31258
31258
31258
31259
31260
31262
31262
31263
31263
31263
31263
31263
31263
31263
31263
31263
31263
31263
31263
31263
31263
31263
31263
31263
31263
31263
31263
31263
31263
31263
31263
31263
31263
31263
31263
31263
31263
31263
31263
31263
31263
31263
31263
31263
31263
31262
31262
31262
31262
31262
31262
31262
31263
31263
31263
31263
31263
31263
31263
31263
31263
31262
31262
31262
31262
31262
31262
31262
31261
31261
31260
31260
31260
31260
31259
31259
31259
31258
31258
31258
31258
31258
31259
31259
31260
31260
31259
31259
31258
31257
31256
31256
31256
31256
31252
31244
31242
31242
31242
31243
31244
31244
31245
31246
31247
31247
31246
31246
31246
31247
31247
31248
31248
31248
31248
31248
31248
31247
31246
31246
31245
31246
31246
31247
31247
31247
31247
31247
31247
31248
31248
31248
31248
31247
31247
31247
31247
31247
31246
31245
31244
31242
31235
31132
30968
30850
30795
30711
30627
30576
30509
30450
30447
30446
30446
30447
30448
30449
30450
30451
30452
30453
30454
30454
30454
30454
30454
30454
30454
30454
30454
30454
30454
30454
30454
30454
30454
30454
30454
30454
30454
30454
30454
30454
30454
30453
30453
30452
30451
30451
30450
30449
30447
30447
30445
30435
30368
30256
30128
29931
29610
29217
28881
28631
28432
28228
27977
27700
27343
26981
26740
26690
26690
26689
26689
26689
26689
26688
26688
26688
26687
26663
26637
26561
26545
26542
26522
26463
26387
26341
26327
26273
26228
26191
26191
26191
26193
26195
26196
26198
26200
26202
26205
26209
26211
26215
26219
26225
26247
26364
26517
26649
26775
26915
27110
27298
27489
27683
27896
28119
28331
28508
28624
28680
28680
28679
28679
28677
28674
28672
28670
28669
28669
28669
28670
28670
28670
28670
28670
28670
28670
28670
28670
28670
28670
28670
28670
28671
28671
28672
28673
28673
28673
28673
28675
28677
28679
28681
28689
28728
28814
28873
28877
28931
29081
29162
29263
29326
29458
29580
29668
29674
29719
29858
30010
30145
30287
30373
30462
30490
30490
30489
30488
30487
30487
30486
30484
30484
30484
30484
30484
30484
30484
30484
30484
30484
30484
30484
30484
30484
30484
30484
30484
30484
30484
30484
30484
30484
30484
30484
30484
30484
30484
30484
30484
30484
30484
30484
30484
30484
30484
30484
30484
30484
30484
30484
30484
30484
30484
30484
30484
30484
30484
30484
30484
30484
30484
30484
30484
30484
30484
30484
30484
30484
30484
30484
30484
30484
30484
30484
30484
30484
30484
30484
30484
30484
30484
30484
30484
30484
30484
30484
30484
30484
30484
30484
30484
30484
30484
30484
30484
30484
30484
30484
30484
30484
30484
30484
30484
30484
30484
30484
30484
30484
30484
30484
30484
30484
30484
30484
30483
30483
30483
30483
30483
30483
30483
30483
30483
30483
30483
30483
30483
30483
30483
30483
30483
30483
30483
30483
30483
30483
30483
30483
30483
30483
30483
30483
30483
30483
30483
30483
30483
30483
30483
30483
30483
30483
30483
30483
30483
30483
30483
30483
30483
30483
30483
30483
30483
30483
30483
