31440
31440
31440
31440
31440
31440
31440
31440
31440
31440
31440
31440
31440
31440
31440
31440
31440
31440
31440
31440
31440
31440
31440
31440
31440
31440
31440
31440
31440
31440
31440
31440
31440
31440
31440
31440
31440
31440
31440
31440
31440
31440
31440
31440
31440
31440
31440
31440
31440
31440
31440
31440
31440
31440
31440
31440
31440
31440
31440
31440
31440
31440
31440
31440
31440
31440
31440
31440
31440
31440
31440
31440
31440
31440
31440
31440
31440
31440
31440
31440
31440
31440
31440
31440
31440
31441
31441
31441
31442
31442
31443
31443
31444
31445
31445
31446
31447
31449
31456
31494
31622
31662
31721
31867
32005
32136
32269
32389
32523
32684
32849
32903
32958
33046
33054
33053
33052
33049
33048
33046
33045
33044
33044
33045
33044
33044
33044
33044
33044
33044
33044
33044
33045
33045
33045
33045
33045
33045
33045
33045
33045
33045
33045
33045
33045
33045
33045
33045
33045
33045
33045
33045
33045
33045
33045
33046
33046
33047
33048
33048
33050
33051
33054
33059
33092
33251
33460
33703
33998
34319
34601
34801
34953
35077
35185
35284
35383
35465
35516
35621
35659
35659
35657
35656
35655
35653
35650
35648
35647
35647
35647
35648
35648
35648
35648
35649
35649
35650
35651
35653
35654
35655
35657
35657
35657
35657
35657
35658
35658
35659
35659
35658
35658
35659
35659
35659
35658
35658
35658
35658
35657
35657
35657
35657
35657
35657
35657
35657
35657
35657
35657
35657
35657
35657
35657
35656
35656
35656
35655
35654
35653
35651
35650
35649
35649
35649
35649
35649
35649
35649
35649
35649
35649
35650
35650
35650
35650
35650
35651
35652
35653
35654
35656
35659
35671
35731
35853
35954
36112
36250
36319
36432
36549
36701
36848
36980
37090
37138
37222
37320
37390
37473
37507
37509
37522
37555
37589
37622
37622
37620
37618
37617
37615
37612
37611
37609
37608
37607
37604
37600
37595
37590
37568
37440
37249
37000
36729
36479
36263
36130
36020
35937
35809
35698
35576
35529
35528
35529
35531
35533
35535
35536
35536
35536
35536
35536
35536
35536
35536
35536
35536
35536
35536
35536
35535
35535
35534
35534
35533
35531
35529
35527
35498
35386
35247
35038
34829
34636
34407
34105
33794
33529
33345
33239
33155
33054
32920
32752
32575
32462
32373
32332
32256
32154
32093
32025
32001
32001
32002
32003
32004
32006
32006
32006
32007
32007
32007
32007
32007
32007
32007
32007
32007
32007
32007
32007
32007
32006
32006
32004
32002
32002
32000
31989
31948
31792
31615
31487
31374
31284
31153
31049
30914
30786
30638
30467
30333
30296
30296
30297
30299
30301
30303
30303
30304
30304
30303
30303
30303
30303
30303
30303
30303
30303
30303
30303
30303
30303
30303
30303
30302
30302
30301
30300
30300
30299
30299
30298
30298
30297
30297
30297
30297
30297
30296
30296
30296
30296
30296
30296
30296
30295
30295
30295
30295
30296
30296
30297
30298
30300
30302
30303
30303
30303
30303
30303
30303
30303
30303
30303
30303
30303
30302
30302
30301
30300
30298
30296
30295
30290
30263
30107
29885
29587
29192
28782
28508
28345
28220
28097
27977
27829
27681
27569
27468
27388
27376
27318
27211
27192
27190
27161
27047
26995
26995
26995
26996
26997
26999
27001
27002
27002
27003
27003
27003
27003
27003
27003
27003
27003
27003
27003
27003
27003
27003
27003
27003
27003
27003
27003
27003
27003
27003
27003
27003
27003
27003
27003
27003
27003
27003
27003
27003
27003
27003
27003
27003
27003
27003
27003
27003
27003
27003
27003
27003
27003
27003
27003
27003
27003
27003
27003
27003
27003
27003
27003
27003
27003
27003
27003
27003
27003
27003
27003
27003
27003
27003
27003
27003
27003
27003
27003
27003
27003
27003
27003
27003
27003
27003
27003
27003
27003
27003
27003
27003
27003
27003
27003
27003
27003
27003
27003
27003
27003
27003
27003
27003
27003
27003
27003
27003
27003
27003
27003
27003
27003
27003
27003
27003
27003
27003
27003
