27003
27003
27003
27003
27003
27003
27003
27003
27003
27003
27003
27003
27003
27003
27003
27003
27003
27003
27003
27003
27003
27003
27003
27003
27003
27003
27003
27003
27003
27003
27003
27003
27003
27003
27003
27003
27003
27003
27003
27003
27003
27003
27003
27003
27003
27003
27003
27003
27003
27003
27003
27003
27003
27003
27003
27003
27003
27003
27003
27003
27003
27003
27003
27003
27003
27003
27003
27003
27003
27003
27003
27003
27003
27003
27003
27003
27004
27005
27007
27010
27014
27029
27044
27071
27183
27352
27497
27556
27572
27654
27720
27754
27785
27873
27942
27965
28017
28064
28105
28106
28106
28106
28105
28104
28102
28100
28099
28098
28098
28098
28098
28098
28098
28098
28098
28098
28098
28098
28098
28098
28098
28098
28098
28098
28098
28098
28098
28098
28099
28099
28100
28102
28103
28104
28106
28109
28130
28203
28349
28524
28697
28843
28976
29120
29315
29558
29771
29928
30073
30220
30309
30419
30468
30587
30728
30861
30929
31000
31029
31048
31064
31140
31246
31254
31254
31254
31253
31252
31250
31249
31247
31245
31245
31245
31245
31245
31245
31245
31245
31245
31245
31245
31245
31245
31245
31245
31245
31245
31245
31246
31246
31247
31247
31248
31249
31250
31251
31252
31253
31254
31262
31328
31451
31486
31598
31665
31677
31724
31769
31815
31815
31815
31815
31815
31815
31815
31816
31819
31824
31824
31823
31821
31819
31817
31816
31816
31816
31816
31816
31816
31816
31816
31816
31816
31816
31816
31816
31816
31816
31816
31816
31816
31816
31816
31816
31816
31816
31816
31816
31817
31817
31817
31817
31817
31817
31817
31817
31818
31818
31818
31818
31819
31819
31820
31820
31820
31821
31821
31821
31822
31822
31822
31822
31822
31823
31823
31823
31823
31823
31822
31822
31822
31823
31823
31824
31824
31824
31824
31824
31824
31824
31824
31825
31824
31824
31824
31823
31823
31821
31820
31819
31819
31818
31818
31818
31818
31818
31818
31818
31818
31818
31818
31818
31819
31819
31820
31821
31823
31824
31826
31846
31900
32070
32253
32405
32529
32668
32789
32928
33081
33233
33414
33575
33708
33827
33915
34001
34071
34073
34073
34104
34174
34260
34275
34369
34522
34691
34856
34969
35063
35113
35184
35213
35212
35211
35210
35209
35207
35207
35207
35207
35207
35207
35207
35207
35207
35207
35208
35208
35208
35209
35210
35212
35212
35213
35216
35242
35294
35453
35638
35789
35898
35984
36131
36274
36378
36487
36576
36724
36876
37019
37138
37198
37289
37336
37364
37406
37440
37440
37439
37437
37435
37433
37433
37432
37432
37432
37432
37432
37432
37432
37432
37432
37432
37433
37433
37433
37433
37433
37432
37432
37433
37433
37433
37433
37434
37434
37434
37435
37436
37437
37438
37438
37438
37439
37442
37452
37480
37577
37735
37916
38080
38216
38343
38466
38604
38773
38941
39109
39281
39460
39638
39819
40023
40246
40474
40680
40853
40977
41060
41099
41176
41211
41210
41210
41209
41207
41206
41205
41204
41204
41204
41204
41204
41204
41204
41204
41204
41204
41204
41204
41204
41204
41204
41204
41204
41204
41204
41204
41204
41204
41204
41204
41204
41204
41204
41204
41205
41205
41205
41205
41205
41204
41204
41205
41205
41205
41205
41206
41206
41206
41207
41207
41208
41208
41208
41208
41208
41209
41210
41211
41214
41239
41300
41426
41454
41511
41638
41675
41800
41870
41977
42082
42207
42282
42380
42462
42485
42566
42642
42646
42648
42652
42652
42651
42651
42650
42650
42649
42649
42648
42647
42646
42645
42644
42644
42644
42644
42644
42644
42644
42644
42644
42644
42644
42644
42645
42645
42645
42646
42647
42647
42647
42648
42649
42649
42649
42650
42651
42651
42651
42651
42652
42652
42652
42657
42664
42664
42664
42664
42664
42664
42664
42663
42663
42662
42662
42662
42661
42660
42659
42658
42656
42655
42655
42655
42655
42655
42655
42655
42655
42655
42655
42655
42655
42655
42655
42655
42655
42655
42656
42656
42656
42655
42655
42655
42655
42654
42654
42653
42653
42653
42652
42652
42652
42652
42652
42652
42652
42652
42652
42652
42653
42653
42653
42653
42653
42653
42653
42653
42653
42653
42653
42653
42653
42653
42653
42653
42653
42653
42654
42654
42655
42655
42656
42657
42657
42658
42658
42659
42660
42662
42662
42662
42663
42663
42663
42662
42662
42662
42662
42662
42662
42662
42662
42662
42663
42664
42664
42664
42664
42668
42725
42857
42949
43064
43140
43279
43423
43570
43734
43895
44058
44193
44287
44328
44365
44378
44377
44376
44375
44374
44373
44373
44373
44373
44373
44373
44373
44373
44373
44373
44373
44373
44373
44373
44373
44373
44373
44373
44373
44373
44373
44373
44373
44373
44373
44373
44373
44373
44373
44373
44373
44373
44373
44373
44373
44373
44373
44373
44373
44373
44373
44373
44373
44373
44373
44373
44373
44373
44373
44373
44373
44373
44373
44373
44373
44373
44373
44373
44373
44373
44373
44373
44373
44373
44373
44373
44373
44373
44373
44373
44373
44373
44373
44373
44373
44373
44373
44373
44373
44373
44373
44373
44373
44373
44373
44373
44373
44373
44373
44373
44373
44373
44373
44373
44373
44373
44373
44373
44373
44373
44373
44373
44373
