0
0
0
0
0
0
0
0
0
0
0
0
0
0
0
0
0
0
0
0
0
0
0
0
0
0
0
0
0
0
0
0
0
0
0
0
0
0
0
0
0
0
0
0
0
0
0
0
0
0
0
0
0
0
0
0
0
0
0
0
0
0
0
0
0
0
0
0
0
0
0
0
0
0
0
0
0
0
0
0
0
0
0
0
0
0
0
0
0
0
0
0
0
0
0
0
0
0
0
0
0
0
0
0
0
0
0
0
0
0
0
0
0
0
0
0
0
0
0
0
0
0
0
0
0
0
0
0
0
0
0
0
0
0
0
0
0
0
0
0
0
0
0
0
0
0
0
0
0
0
0
0
0
0
0
0
0
0
0
100
100
300
400
300
400
900
3900
3200
16200
25700
31700
39600
43900
34000
19700
12600
9600
9700
4300
0
0
100
0
900
2000
600
100
300
200
200
0
100
0
0
100
0
0
100
100
200
300
700
6800
19600
23600
26500
24300
21400
22900
20900
19000
20700
22300
24300
24300
20200
13700
9900
900
100
100
200
100
100
100
0
0
0
0
0
0
100
0
0
0
100
0
0
100
200
0
0
100
100
100
100
100
0
0
0
0
0
0
0
0
200
200
200
700
7600
20600
28600
28800
21700
17600
18900
24300
28400
33200
40100
41900
44400
51600
54100
47200
40100
35500
32500
28400
21200
9500
0
100
200
100
100
200
100
0
0
100
0
0
0
0
0
100
100
0
200
100
200
200
1100
5200
16800
23200
30800
38300
44800
48900
51800
46600
42800
43200
38200
29900
23800
21800
17100
6500
3200
0
100
100
200
100
100
0
0
0
0
0
0
0
0
0
0
0
0
0
100
0
100
100
200
500
5900
7900
15300
21800
29100
43300
63700
71800
65900
53500
25900
2700
0
0
0
100
0
200
100
200
100
100
0
0
0
0
0
0
0
0
100
100
300
300
1700
13100
18900
21100
22700
23300
22800
24600
32200
38100
43600
50000
50000
40900
33500
29800
24500
11500
100
200
100
300
100
100
0
0
0
0
0
0
0
0
0
100
200
200
300
800
8200
16400
19900
25900
32300
32100
23800
15700
14800
15800
17100
27800
43200
50100
43700
32100
18200
3600
1300
100
100
100
100
200
0
0
0
0
0
0
0
0
0
100
0
200
200
1200
5800
12800
19600
28100
39500
44400
43200
36700
29100
20200
15200
10800
14300
19300
26300
29100
25500
23300
17000
7600
1900
200
100
100
100
0
0
0
0
0
0
0
0
0
0
0
0
0
0
0
0
0
0
0
0
0
0
0
0
0
0
0
0
0
0
0
0
0
0
0
0
0
0
0
0
0
0
0
0
0
0
0
0
0
0
0
0
0
0
0
0
0
0
0
0
0
0
0
0
0
0
0
0
0
0
0
0
0
0
0
0
0
0
0
0
0
0
0
0
0
0
0
0
0
0
0
0
0
0
0
0
0
0
0
0
0
0
0
0
0
0
0
0
0
0
0
0
0
0
0
0
0
0
0
0
0
0
0
0
0
0
0
0
0
0
0
0
0
0
0
0
