-6 -51 -705 -54 -111356 -5165 
-10 -28799 -26 140 -109955 -5181 
-17177 -30902 -302 156 -109688 -5543 
-17180 15915 -1345 433 -109686 -4915 
-13945 -25050 1192 1198 -58146 -350 
-13920 -30894 -252 656 -58897 -415 
-2720 -30894 -264 1105 -58901 -249 
-2730 -30894 1719 -2961 -28460 294 

1 0 -857 2247 -111534 -4747 0
-14 -9646 -1910 1668 -100044 -4860 0
-7434 -9645 -1610 -276 -100046 -4734 0
-8093 13719 -370 949 -108516 -4461 0
-9026 13638 -5009 2597 -16228 -504 0
-8721 13638 -5552 9361 -16222 -475 0
-8721 13639 -2129 9347 -16228 -569 0
