370.000 0.000 555.000
369.997 9.998 555.013
369.997 20.001 555.011
370.002 30.000 554.990
370.003 40.000 554.985
370.002 50.004 554.991
370.001 59.997 555.001
370.000 69.997 555.002
370.003 80.001 554.981
369.999 89.999 555.006
369.996 100.002 555.010
369.999 100.003 544.997
370.000 100.003 534.998
370.000 100.004 524.997
369.999 100.002 515.004
369.999 100.003 505.004
369.999 100.001 494.992
369.998 100.004 484.997
369.999 100.005 474.983
369.999 100.003 464.996
369.998 100.004 454.988
370.002 90.003 455.020
370.000 80.000 455.009
370.000 70.000 454.996
369.998 59.998 454.983
370.001 50.005 455.013
370.000 40.000 455.007
370.000 29.997 455.004
370.000 20.001 455.009
370.002 9.998 455.016
369.999 0.000 454.993
369.998 0.000 464.984
370.000 0.000 475.008
370.000 0.000 484.995
370.001 0.000 494.992
370.000 0.000 505.001
369.999 0.000 515.006
369.998 0.000 525.018
370.000 0.000 534.998
370.002 0.000 544.996
370.000 0.000 555.000
