0.0 -36.8 -11.7 -1.6 -0.0 -0.0
0.0 -35.0 -14.5 -1.6 0.2 -0.0
0.0 -33.2 -17.2 -1.6 0.4 -0.0
0.0 -31.4 -19.9 -1.6 0.5 -0.0
0.0 -29.6 -22.5 -1.6 0.6 -0.1
0.0 -27.9 -25.1 -1.6 0.6 -0.1
0.0 -26.1 -27.5 -1.6 0.6 -0.1
0.0 -24.4 -30.0 -1.6 0.5 -0.1
0.0 -22.6 -32.4 -1.6 0.4 -0.1
0.0 -20.9 -34.7 -1.6 0.2 -0.1
0.0 -19.1 -37.0 -1.7 -0.0 -0.0
0.7 -19.0 -36.7 -1.7 -0.1 1.2
1.4 -19.0 -36.4 -1.7 -0.1 2.4
2.1 -19.0 -36.1 -1.7 -0.2 3.6
2.8 -18.9 -35.7 -1.7 -0.2 4.8
3.4 -18.9 -35.4 -1.7 -0.2 6.0
4.1 -18.9 -35.0 -1.7 -0.2 7.2
4.8 -19.0 -34.7 -1.7 -0.2 8.4
5.5 -19.0 -34.3 -1.7 -0.1 9.6
6.2 -19.0 -33.9 -1.7 -0.1 10.8
6.8 -19.1 -33.5 10.3 -0.0 -0.0
6.8 -20.7 -30.9 10.3 0.2 -0.1
6.8 -22.3 -28.2 10.3 0.3 -0.3
6.8 -23.9 -25.5 10.3 0.4 -0.4
6.8 -25.6 -22.7 10.3 0.5 -0.5
6.8 -27.3 -19.9 10.3 0.6 -0.6
6.8 -29.1 -16.9 10.3 0.5 -0.7
6.8 -30.8 -13.9 10.3 0.5 -0.9
6.8 -32.7 -10.8 10.3 0.4 -1.0
6.8 -34.5 -7.6 10.3 0.2 -1.1
6.8 -36.5 -4.3 9.2 -0.0 -0.0
6.2 -36.4 -5.2 9.2 -0.1 -1.1
5.5 -36.3 -6.0 9.2 -0.2 -2.1
4.8 -36.2 -6.9 9.2 -0.2 -3.2
4.1 -36.2 -7.6 9.2 -0.2 -4.3
3.4 -36.2 -8.4 9.2 -0.3 -5.3
2.8 -36.3 -9.1 9.2 -0.2 -6.4
2.1 -36.4 -9.8 9.2 -0.2 -7.5
1.4 -36.5 -10.5 9.2 -0.2 -8.6
0.7 -36.6 -11.1 9.2 -0.1 -9.7
0.0 -36.8 -11.7 -1.6 -0.0 -0.0
