539.676 0.033 159.134
528.641 0.053 158.684
517.575 0.075 158.196
506.545 0.085 157.749
495.511 0.098 157.298
484.461 0.107 156.832
473.417 0.103 156.370
462.400 0.103 155.934
451.351 0.098 155.468
440.284 0.088 154.984
429.256 0.074 154.536
430.832 5.266 156.399
432.391 10.485 158.244
434.011 15.735 160.141
435.579 21.013 161.985
437.207 26.326 163.888
438.817 31.664 165.768
440.448 37.039 167.674
442.060 42.442 169.561
443.688 47.885 171.466
445.332 53.357 173.394
457.690 54.789 176.843
470.024 56.224 180.270
482.383 57.675 183.723
494.741 59.131 187.178
507.063 60.599 190.593
519.422 62.078 194.048
531.773 63.583 197.503
544.110 65.097 200.935
556.473 66.635 204.414
568.804 68.204 207.845
565.768 61.148 202.804
562.767 54.141 197.828
559.781 47.195 192.881
556.815 40.308 187.964
553.878 33.469 183.084
550.973 26.676 178.242
548.103 19.942 173.433
545.240 13.256 168.619
542.455 6.625 163.882
539.676 0.033 159.134
