4 -76710 -1619 -451 -8 -1
4 -72900 -2011 -451 313 -1
5 -69139 -2393 -451 558 -1
5 -65418 -2764 -451 729 -1
6 -61727 -3126 -451 829 -1
7 -58058 -3480 -451 860 -2
7 -54405 -3826 -451 823 -2
8 -50760 -4164 -451 718 -2
9 -47115 -4496 -451 545 -2
10 -43464 -4822 -451 303 -2
11 -39799 -5141 -461 -8 -1
779 -39670 -5099 -461 -95 33
1545 -39569 -5056 -461 -163 67
2309 -39498 -5010 -461 -212 100
3071 -39455 -4964 -461 -240 134
3831 -39440 -4915 -461 -249 167
4588 -39455 -4865 -461 -239 200
5343 -39497 -4813 -461 -209 234
6095 -39568 -4760 -461 -160 267
6845 -39668 -4705 -461 -93 300
7591 -39796 -4648 2872 -8 -1
7598 -43113 -4287 2872 243 -4
7603 -46477 -3919 2872 449 -7
7607 -49895 -3542 2872 607 -11
7609 -53372 -3156 2872 715 -14
7610 -56915 -2761 2872 766 -17
7609 -60534 -2354 2872 758 -20
7608 -64235 -1935 2872 683 -24
7605 -68031 -1503 2872 536 -27
7601 -71932 -1055 2872 309 -30
7597 -75955 -591 2545 -8 -1
6849 -75733 -717 2545 -127 -30
6097 -75579 -837 2545 -224 -59
5343 -75492 -952 2545 -295 -88
4587 -75472 -1062 2545 -339 -118
3828 -75517 -1167 2545 -355 -148
3066 -75627 -1267 2545 -342 -178
2303 -75802 -1362 2545 -301 -209
1538 -76041 -1453 2545 -231 -239
772 -76344 -1538 2545 -132 -270
4 -76710 -1619 -451 -8 -1
