0.0 0.0 0.0 0.0 0.0 0.0
0.0 0.5 -2.8 0.0 2.2 0.0
0.0 1.0 -5.4 0.0 4.4 0.0
0.0 1.3 -8.0 0.0 6.6 0.0
0.0 1.6 -10.4 0.0 8.8 0.0
0.0 1.7 -12.8 0.0 11.0 0.0
0.0 1.8 -15.0 0.0 13.2 0.0
0.0 1.9 -17.2 0.0 15.4 0.0
0.0 1.8 -19.3 0.0 17.5 0.0
0.0 1.6 -21.3 0.0 19.7 0.0
0.0 1.4 -23.3 0.0 21.9 0.0
1.9 1.3 -23.2 5.0 22.0 -4.7
3.8 1.2 -23.1 10.0 22.2 -9.2
5.6 1.0 -23.0 14.8 22.6 -13.7
7.5 0.8 -22.7 19.4 23.1 -17.9
9.3 0.5 -22.4 23.7 23.7 -21.9
11.1 0.1 -22.0 27.8 24.5 -25.6
12.9 -0.4 -21.5 31.6 25.3 -29.1
14.7 -0.9 -21.0 35.1 26.2 -32.2
16.4 -1.5 -20.4 38.3 27.1 -35.1
18.2 -2.2 -19.7 41.3 28.1 -37.8
18.2 -1.9 -17.8 44.2 26.5 -41.0
18.2 -1.8 -15.8 47.4 25.0 -44.6
18.2 -1.7 -13.7 51.1 23.6 -48.6
18.2 -1.7 -11.5 55.2 22.3 -53.1
18.2 -1.8 -9.2 59.8 21.1 -58.0
18.2 -2.0 -6.8 65.0 20.1 -63.5
18.2 -2.2 -4.4 70.6 19.3 -69.6
18.2 -2.6 -1.8 76.8 18.7 -76.1
18.2 -3.0 0.9 83.5 18.3 -83.1
18.2 -3.6 3.7 90.3 18.2 -90.4
16.4 -2.9 3.0 90.3 16.4 -90.3
14.7 -2.3 2.3 90.2 14.7 -90.2
12.9 -1.8 1.8 90.1 12.9 -90.1
11.1 -1.3 1.3 90.1 11.1 -90.1
9.3 -0.9 0.9 90.0 9.3 -90.0
7.5 -0.6 0.6 90.0 7.5 -90.0
5.6 -0.3 0.3 90.0 5.6 -90.0
3.8 -0.1 0.1 90.0 3.8 -90.0
1.9 -0.0 0.0 90.0 1.9 -90.0
0.0 0.0 0.0 90.0 0.0 -90.0
