480.000 0.000 555.000
479.998 0.000 545.016
480.000 0.000 535.001
480.000 0.000 525.014
479.999 0.000 515.005
479.999 0.000 505.009
480.001 0.000 495.005
480.000 0.000 484.974
479.999 0.000 474.989
480.001 0.000 465.010
480.000 0.000 455.001
480.000 10.002 455.003
480.001 20.003 455.015
479.999 30.000 454.976
480.000 40.004 455.003
479.999 49.997 454.980
480.001 60.000 455.019
480.001 69.998 455.010
480.001 79.996 455.005
480.000 89.998 455.005
480.001 100.003 455.010
480.001 100.004 465.007
479.999 100.002 474.996
480.000 100.004 485.018
479.999 100.004 494.993
479.999 100.002 505.004
480.000 100.002 515.015
480.001 100.003 524.995
480.001 100.004 534.994
479.998 100.003 545.008
479.997 100.001 555.013
479.996 89.998 555.022
480.002 79.998 554.990
480.005 69.999 554.975
480.001 60.002 554.989
480.003 49.999 554.982
479.997 40.002 555.014
480.004 30.003 554.978
480.001 20.003 554.991
480.001 10.004 554.996
480.000 0.000 555.000
