0 0 0 0 0 0
0 1096 -383 0 3102 0
0 2004 -751 0 6174 0
0 2729 -1104 0 9223 0
0 3276 -1444 0 12257 0
0 3646 -1771 0 15281 0
0 3840 -2086 0 18301 0
0 3860 -2390 0 21322 0
0 3705 -2682 0 24348 0
0 3372 -2963 0 27384 0
0 2862 -3234 0 30432 0
2087 2786 -3229 1395 30539 -129
4169 2559 -3214 2768 30858 -257
6242 2181 -3190 4101 31378 -380
8302 1655 -3155 5376 32084 -497
10344 981 -3111 6584 32959 -608
12366 163 -3056 7717 33980 -712
14362 -797 -2992 8771 35125 -807
16330 -1896 -2918 9748 36373 -895
18267 -3130 -2834 10650 37702 -976
20170 -4496 -2740 11481 39094 -1050
20170 -3990 -2471 12276 36870 -1139
20170 -3659 -2191 13174 34762 -1239
20170 -3504 -1899 14186 32790 -1350
20170 -3523 -1596 15328 30975 -1474
20170 -3718 -1280 16611 29347 -1612
20170 -4091 -951 18043 27936 -1765
20170 -4643 -609 19624 26780 -1933
20170 -5379 -252 21345 25916 -2115
20170 -6304 121 23182 25383 -2309
20170 -7427 511 25095 25213 -2510
18267 -6034 413 25070 22834 -2507
16330 -4781 325 25049 20413 -2505
14362 -3670 248 25033 17953 -2503
12366 -2702 182 25021 15457 -2502
10344 -1880 126 25012 12930 -2501
8302 -1205 81 25006 10377 -2501
6242 -679 45 25003 7802 -2500
4169 -302 20 25001 5211 -2500
2087 -76 5 25000 2608 -2500
0 0 0 25000 0 -2500
