0 0 0 0 0 0
2766 -100 7 -25000 -3458 2500
5522 -400 27 -24999 -6902 2500
8257 -899 60 -24995 -10321 2499
10962 -1595 107 -24988 -13703 2499
13628 -2486 168 -24977 -17034 2498
16245 -3568 243 -24961 -20307 2496
18808 -4838 332 -24938 -23511 2494
21310 -6293 435 -24908 -26638 2490
23745 -7929 554 -24871 -29682 2486
26110 -9743 688 -24824 -32639 2481
26110 -8129 130 23115 32881 -2294
26110 -6818 -396 21171 33666 -2082
26110 -5786 -895 19380 34926 -1885
26110 -5017 -1370 17763 36595 -1705
26110 -4501 -1824 16321 38609 -1543
26110 -4231 -2259 15048 40914 -1398
26110 -4203 -2676 13928 43463 -1269
26110 -4416 -3077 12946 46220 -1152
26110 -4869 -3462 12085 49157 -1048
26110 -5564 -3833 11328 52251 -954
23745 -3816 -3955 10496 50683 -887
21310 -2225 -4065 9598 49162 -814
18808 -800 -4162 8628 47713 -734
16245 453 -4246 7585 46366 -648
13628 1526 -4316 6467 45152 -554
10962 2414 -4374 5278 44102 -453
8257 3110 -4419 4024 43247 -346
5522 3611 -4451 2715 42614 -234
2766 3912 -4470 1368 42224 -118
0 4013 -4477 0 42093 0
0 4719 -4102 0 37870 0
0 5175 -3713 0 33682 0
0 5386 -3311 0 29518 0
0 5355 -2894 0 25368 0
0 5085 -2461 0 21220 0
0 4574 -2011 0 17062 0
0 3818 -1542 0 12879 0
0 2812 -1053 0 8655 0
0 1544 -540 0 4370 0
0 0 0 0 0 0
