370.000 0.000 555.000
370.002 0.000 539.983
369.998 0.000 525.018
370.000 0.000 510.011
370.001 0.000 494.992
369.999 0.000 479.994
369.998 0.000 464.984
369.998 0.000 449.986
370.002 0.000 435.016
369.998 0.000 419.988
369.998 0.000 404.993
370.003 15.001 405.014
369.999 29.998 404.999
369.997 45.001 404.989
369.998 59.998 404.990
370.002 75.002 405.012
370.004 89.999 405.013
370.004 104.999 405.014
369.996 119.999 404.985
370.000 135.001 404.999
369.998 149.995 404.991
370.003 135.002 420.012
370.003 119.999 435.011
370.002 105.002 450.008
370.000 90.001 465.004
370.000 74.997 479.988
370.000 59.999 495.003
370.001 44.999 509.984
369.998 30.000 525.009
370.001 15.000 539.998
370.000 0.000 555.000
