0 0 0 0 0 0
0 2212 -800 0 6521 0
0 3818 -1542 0 12879 0
0 4859 -2238 0 19143 0
0 5355 -2894 0 25368 0
0 5311 -3514 0 31598 0
0 4719 -4102 0 37870 0
0 3565 -4660 0 44220 0
0 1828 -5189 0 50675 0
0 -520 -5692 0 57264 0
0 -3507 -6167 0 64006 0
4146 -3729 -6151 1437 64162 -100
8257 -4391 -6105 2852 64619 -197
12300 -5482 -6028 4224 65348 -291
16245 -6984 -5920 5539 66308 -381
20067 -8873 -5781 6785 67447 -465
23745 -11124 -5612 7958 68710 -543
27264 -13707 -5413 9055 70046 -616
30614 -16594 -5185 10078 71409 -683
33790 -19758 -4926 11033 72758 -747
36790 -23173 -4638 11925 74063 -807
33790 -17031 -4474 11714 67971 -854
30614 -11592 -4243 11532 61469 -899
27264 -6933 -3946 11375 54609 -941
23745 -3116 -3584 11241 47439 -978
20067 -190 -3158 11125 40006 -1010
16245 1810 -2667 11019 32350 -1036
12300 2856 -2111 10919 24505 -1055
8257 2925 -1485 10816 16494 -1065
4146 1987 -785 10703 8329 -1066
0 0 0 10703 0 -1070
