0.0 0.0 0.0 0.0 0.0 0.0
2.5 -0.0 0.0 -90.0 -2.5 90.0
5.0 -0.2 0.2 -90.0 -5.0 90.0
7.4 -0.4 0.4 -90.0 -7.4 90.0
9.9 -0.8 0.8 -90.0 -9.9 90.0
12.3 -1.2 1.2 -89.9 -12.3 89.9
14.6 -1.7 1.7 -89.9 -14.6 89.9
16.9 -2.3 2.4 -89.8 -16.9 89.8
19.2 -3.0 3.1 -89.7 -19.2 89.7
21.4 -3.8 4.0 -89.5 -21.4 89.5
23.5 -4.7 5.0 -89.4 -23.5 89.3
23.5 -3.9 0.9 83.2 23.7 -82.6
23.5 -3.3 -2.9 76.2 24.2 -74.9
23.5 -2.8 -6.4 69.8 25.1 -67.8
23.5 -2.4 -9.9 63.9 26.3 -61.4
23.5 -2.2 -13.1 58.8 27.8 -55.6
23.5 -2.0 -16.3 54.2 29.5 -50.3
23.5 -2.0 -19.3 50.1 31.3 -45.7
23.5 -2.1 -22.2 46.6 33.3 -41.5
23.5 -2.3 -24.9 43.5 35.4 -37.7
23.5 -2.7 -27.6 40.8 37.6 -34.3
21.4 -1.8 -28.5 37.8 36.5 -31.9
19.2 -1.1 -29.3 34.6 35.4 -29.3
16.9 -0.4 -30.0 31.1 34.4 -26.4
14.6 0.2 -30.6 27.3 33.4 -23.3
12.3 0.7 -31.1 23.3 32.5 -19.9
9.9 1.2 -31.5 19.0 31.8 -16.3
7.4 1.5 -31.8 14.5 31.1 -12.5
5.0 1.7 -32.0 9.8 30.7 -8.4
2.5 1.9 -32.2 4.9 30.4 -4.2
0.0 1.9 -32.2 0.0 30.3 0.0
0.0 2.3 -29.5 0.0 27.3 0.0
0.0 2.5 -26.7 0.0 24.3 0.0
0.0 2.6 -23.8 0.0 21.3 0.0
0.0 2.6 -20.8 0.0 18.3 0.0
0.0 2.4 -17.7 0.0 15.3 0.0
0.0 2.2 -14.5 0.0 12.3 0.0
0.0 1.8 -11.1 0.0 9.3 0.0
0.0 1.3 -7.6 0.0 6.2 0.0
0.0 0.7 -3.9 0.0 3.1 0.0
0.0 0.0 0.0 0.0 0.0 0.0
