0.0 0.0 0.0 0.0 0.0 0.0
0.0 1.1 -5.8 0.0 4.7 0.0
0.0 1.8 -11.1 0.0 9.3 0.0
0.0 2.3 -16.1 0.0 13.8 0.0
0.0 2.6 -20.8 0.0 18.3 0.0
0.0 2.5 -25.3 0.0 22.8 0.0
0.0 2.3 -29.5 0.0 27.3 0.0
0.0 1.7 -33.5 0.0 31.8 0.0
0.0 0.9 -37.4 0.0 36.5 0.0
0.0 -0.2 -41.0 0.0 41.2 0.0
0.0 -1.7 -44.4 0.0 46.1 0.0
3.7 -1.8 -44.3 5.2 46.2 -3.6
7.4 -2.1 -44.0 10.3 46.5 -7.1
11.1 -2.6 -43.4 15.2 47.1 -10.5
14.6 -3.4 -42.6 19.9 47.7 -13.7
18.1 -4.3 -41.6 24.4 48.6 -16.7
21.4 -5.3 -40.4 28.6 49.5 -19.5
24.5 -6.6 -39.0 32.6 50.4 -22.2
27.6 -8.0 -37.3 36.3 51.4 -24.6
30.4 -9.5 -35.5 39.7 52.4 -26.9
33.1 -11.1 -33.4 42.9 53.3 -29.1
30.4 -8.2 -32.2 42.2 48.9 -30.8
27.6 -5.6 -30.6 41.5 44.3 -32.4
24.5 -3.3 -28.4 41.0 39.3 -33.9
21.4 -1.5 -25.8 40.5 34.2 -35.2
18.1 -0.1 -22.7 40.0 28.8 -36.4
14.6 0.9 -19.2 39.7 23.3 -37.3
11.1 1.4 -15.2 39.3 17.6 -38.0
7.4 1.4 -10.7 38.9 11.9 -38.3
3.7 1.0 -5.7 38.5 6.0 -38.4
0.0 0.0 0.0 38.5 0.0 -38.5
