0.000000 -11.065672 -15.001547 0.000000 25.896552 0.000000
1.037674 -11.034403 -15.040799 2.374121 25.923847 -2.132370
2.072689 -10.940701 -15.158292 4.731603 26.005210 -4.248229
3.102370 -10.784874 -15.353242 7.056365 26.139084 -6.331649
4.124003 -10.567436 -15.624349 9.333388 26.322932 -8.367813
5.134816 -10.289098 -15.969819 11.549134 26.553312 -10.343450
6.131965 -9.950767 -16.387376 13.691832 26.825976 -12.247152
7.112508 -9.553536 -16.874293 15.751635 27.135978 -14.069544
8.073384 -9.098681 -17.427418 17.720644 27.477796 -15.803327
9.011396 -8.587653 -18.043204 19.592814 27.845438 -17.443202
9.923183 -8.022076 -18.717740 21.363765 28.232554 -18.985691
10.805198 -7.403739 -19.446788 23.030536 28.632528 -20.428899
11.653683 -6.734601 -20.225815 24.591283 29.038557 -21.772227
12.464643 -6.016788 -21.050021 26.044978 29.443716 -23.016060
13.233815 -5.252603 -21.914378 27.391088 29.841015 -24.161456
13.956646 -4.444533 -22.813652 28.629276 30.223438 -25.209834
14.628262 -3.595264 -23.742437 29.759113 30.583977 -26.162678
15.243441 -2.707704 -24.695179 30.779802 30.915657 -27.021244
15.796587 -1.785001 -25.666201 31.689924 31.211570 -27.786281
16.281714 -0.830579 -26.649728 32.487190 31.464898 -28.457753
16.692423 0.151827 -27.639910 33.168194 31.668956 -29.034561
17.021904 1.158133 -28.630845 33.728164 31.817246 -29.514245
17.262941 2.183855 -29.616604 34.160704 31.903530 -29.892680
17.407938 3.224065 -30.591257 34.457514 31.921939 -30.163730
17.448976 4.273334 -31.548896 34.608083 31.867123 -30.318888
17.377904 5.325682 -32.483668 34.599363 31.734453 -30.346875
17.186468 6.374533 -33.389805 34.415418 31.520294 -30.233217
16.866514 7.412671 -34.261662 34.037067 31.222364 -29.959818
16.410244 8.432216 -35.093750 33.441561 30.840190 -29.504567
15.810564 9.424619 -35.880781 32.602364 30.375672 -28.841060
15.061523 10.380686 -36.617707 31.489150 29.833756 -27.938548
14.158835 11.290644 -37.299770 30.068218 29.223194 -26.762322
13.100490 12.144254 -37.922536 28.303610 28.557330 -25.274822
11.887413 12.930983 -38.481944 26.159335 27.854805 -23.437882
10.524130 13.640241 -38.974340 23.603161 27.140001 -21.216558
9.019357 14.261681 -39.396509 20.612384 26.442946 -18.584966
7.386429 14.785557 -39.745704 17.181590 25.798363 -15.534126
5.643463 15.203117 -40.019659 13.331590 25.243544 -12.080983
3.813150 15.507011 -40.216606 9.117354 24.814917 -8.276431
1.922139 15.691672 -40.335281 4.631518 24.543580 -4.208895
0.000000 15.753620 -40.374924 0.000000 24.450637 0.000000
-1.922139 15.691672 -40.335281 -4.631518 24.543580 4.208895
-3.813150 15.507011 -40.216606 -9.117354 24.814917 8.276431
-5.643463 15.203117 -40.019659 -13.331590 25.243544 12.080983
-7.386429 14.785557 -39.745704 -17.181590 25.798363 15.534126
-9.019357 14.261681 -39.396509 -20.612384 26.442946 18.584966
-10.524130 13.640241 -38.974340 -23.603161 27.140001 21.216558
-11.887413 12.930983 -38.481944 -26.159335 27.854805 23.437882
-13.100490 12.144254 -37.922536 -28.303610 28.557330 25.274822
-14.158835 11.290644 -37.299770 -30.068218 29.223194 26.762322
-15.061523 10.380686 -36.617707 -31.489150 29.833756 27.938548
-15.810564 9.424619 -35.880781 -32.602364 30.375672 28.841060
-16.410244 8.432216 -35.093750 -33.441561 30.840190 29.504567
-16.866514 7.412671 -34.261662 -34.037067 31.222364 29.959818
-17.186468 6.374533 -33.389805 -34.415418 31.520294 30.233217
-17.377904 5.325682 -32.483668 -34.599363 31.734453 30.346875
-17.448976 4.273334 -31.548896 -34.608083 31.867123 30.318888
-17.407938 3.224065 -30.591257 -34.457514 31.921939 30.163730
-17.262941 2.183855 -29.616604 -34.160704 31.903530 29.892680
-17.021904 1.158133 -28.630845 -33.728164 31.817246 29.514245
-16.692423 0.151827 -27.639910 -33.168194 31.668956 29.034561
-16.281714 -0.830579 -26.649728 -32.487190 31.464898 28.457753
-15.796587 -1.785001 -25.666201 -31.689924 31.211570 27.786281
-15.243441 -2.707704 -24.695179 -30.779802 30.915657 27.021244
-14.628262 -3.595264 -23.742437 -29.759113 30.583977 26.162678
-13.956646 -4.444533 -22.813652 -28.629276 30.223438 25.209834
-13.233815 -5.252603 -21.914378 -27.391088 29.841015 24.161456
-12.464643 -6.016788 -21.050021 -26.044978 29.443716 23.016060
-11.653683 -6.734601 -20.225815 -24.591283 29.038557 21.772227
-10.805198 -7.403739 -19.446788 -23.030536 28.632528 20.428899
-9.923183 -8.022076 -18.717740 -21.363765 28.232554 18.985691
-9.011396 -8.587653 -18.043204 -19.592814 27.845438 17.443202
-8.073384 -9.098681 -17.427418 -17.720644 27.477796 15.803327
-7.112508 -9.553536 -16.874293 -15.751635 27.135978 14.069544
-6.131965 -9.950767 -16.387376 -13.691832 26.825976 12.247152
-5.134816 -10.289098 -15.969819 -11.549134 26.553312 10.343450
-4.124003 -10.567436 -15.624349 -9.333388 26.322932 8.367813
-3.102370 -10.784874 -15.353242 -7.056365 26.139084 6.331649
-2.072689 -10.940701 -15.158292 -4.731603 26.005210 4.248229
-1.037674 -11.034403 -15.040799 -2.374121 25.923847 2.132370
0.000000 -11.065672 -15.001547 0.000000 25.896552 0.000000
