0 -24898 -2084 0 35967 0
1153 -24827 -2089 659 36005 -59
2303 -24617 -2105 1314 36118 -118
3447 -24266 -2132 1960 36304 -176
4582 -23777 -2170 2593 36560 -232
5705 -23150 -2218 3208 36880 -287
6813 -22389 -2276 3803 37258 -340
7903 -21495 -2344 4375 37689 -391
8970 -20472 -2420 4922 38164 -439
10013 -19322 -2506 5442 38674 -485
11026 -18050 -2600 5934 39212 -527
12006 -16658 -2701 6397 39767 -567
12949 -15153 -2809 6831 40331 -605
13850 -13538 -2924 7235 40894 -639
14704 -11818 -3044 7609 41446 -671
15507 -10000 -3169 7953 41977 -700
16254 -8089 -3298 8266 42478 -727
16937 -6092 -3430 8550 42938 -751
17552 -4016 -3565 8803 43349 -772
18091 -1869 -3701 9024 43701 -790
18547 342 -3839 9213 43985 -807
18913 2606 -3977 9369 44191 -820
19181 4914 -4113 9489 44310 -830
19342 7254 -4249 9572 44336 -838
19388 9615 -4382 9613 44260 -842
19309 11983 -4512 9611 44076 -843
19096 14343 -4637 9560 43778 -840
18741 16679 -4759 9455 43364 -832
18234 18972 -4874 9289 42834 -820
17567 21205 -4983 9056 42188 -801
16735 23357 -5086 8747 41436 -776
15732 25404 -5181 8352 40588 -743
14556 27325 -5267 7862 39663 -702
13208 29095 -5345 7266 38687 -651
11693 30691 -5413 6556 37694 -589
10022 32089 -5472 5726 36726 -516
8207 33268 -5520 4773 35831 -432
6271 34207 -5558 3703 35060 -336
4237 34891 -5586 2533 34465 -230
2136 35306 -5602 1287 34088 -117
0 35446 -5608 0 33959 0
-2136 35306 -5602 -1287 34088 117
-4237 34891 -5586 -2533 34465 230
-6271 34207 -5558 -3703 35060 336
-8207 33268 -5520 -4773 35831 432
-10022 32089 -5472 -5726 36726 516
-11693 30691 -5413 -6556 37694 589
-13208 29095 -5345 -7266 38687 651
-14556 27325 -5267 -7862 39663 702
-15732 25404 -5181 -8352 40588 743
-16735 23357 -5086 -8747 41436 776
-17567 21205 -4983 -9056 42188 801
-18234 18972 -4874 -9289 42834 820
-18741 16679 -4759 -9455 43364 832
-19096 14343 -4637 -9560 43778 840
-19309 11983 -4512 -9611 44076 843
-19388 9615 -4382 -9613 44260 842
-19342 7254 -4249 -9572 44336 838
-19181 4914 -4113 -9489 44310 830
-18913 2606 -3977 -9369 44191 820
-18547 342 -3839 -9213 43985 807
-18091 -1869 -3701 -9024 43701 790
-17552 -4016 -3565 -8803 43349 772
-16937 -6092 -3430 -8550 42938 751
-16254 -8089 -3298 -8266 42478 727
-15507 -10000 -3169 -7953 41977 700
-14704 -11818 -3044 -7609 41446 671
-13850 -13538 -2924 -7235 40894 639
-12949 -15153 -2809 -6831 40331 605
-12006 -16658 -2701 -6397 39767 567
-11026 -18050 -2600 -5934 39212 527
-10013 -19322 -2506 -5442 38674 485
-8970 -20472 -2420 -4922 38164 439
-7903 -21495 -2344 -4375 37689 391
-6813 -22389 -2276 -3803 37258 340
-5705 -23150 -2218 -3208 36880 287
-4582 -23777 -2170 -2593 36560 232
-3447 -24266 -2132 -1960 36304 176
-2303 -24617 -2105 -1314 36118 118
-1153 -24827 -2089 -659 36005 59
0 -24898 -2084 0 35967 0
