590.084 0.000 462.143
589.899 4.712 462.176
589.348 9.389 462.194
588.429 14.007 462.201
587.149 18.535 462.179
585.517 22.958 462.182
583.545 27.240 462.178
581.242 31.356 462.157
578.628 35.267 462.210
575.709 38.974 462.177
572.511 42.432 462.156
569.051 45.630 462.174
565.353 48.545 462.183
561.434 51.159 462.148
557.323 53.454 462.155
553.045 55.425 462.146
548.624 57.070 462.152
544.091 58.341 462.168
539.470 59.261 462.158
534.794 59.820 462.198
530.084 60.002 462.173
525.376 59.811 462.146
520.700 59.263 462.203
516.078 58.336 462.159
511.543 57.068 462.165
507.122 55.433 462.153
502.847 53.459 462.206
498.733 51.160 462.147
494.819 48.547 462.186
491.120 45.625 462.202
487.657 42.425 462.165
484.459 38.968 462.147
481.543 35.267 462.179
478.926 31.353 462.159
476.624 27.240 462.184
474.651 22.962 462.157
473.021 18.537 462.192
471.743 14.013 462.193
470.823 9.384 462.152
470.271 4.706 462.181
470.084 0.000 462.152
470.271 -4.706 462.181
470.823 -9.384 462.152
471.743 -14.013 462.193
473.021 -18.537 462.192
474.651 -22.962 462.157
476.624 -27.240 462.184
478.926 -31.353 462.159
481.543 -35.267 462.179
484.459 -38.968 462.147
487.657 -42.425 462.165
491.120 -45.625 462.202
494.819 -48.547 462.186
498.733 -51.160 462.147
502.847 -53.459 462.206
507.122 -55.433 462.153
511.543 -57.068 462.165
516.078 -58.336 462.159
520.700 -59.263 462.203
525.376 -59.811 462.146
530.084 -60.002 462.173
534.794 -59.820 462.198
539.470 -59.261 462.158
544.091 -58.341 462.168
548.624 -57.070 462.152
553.045 -55.425 462.146
557.323 -53.454 462.155
561.434 -51.159 462.148
565.353 -48.545 462.183
569.051 -45.630 462.174
572.511 -42.432 462.156
575.709 -38.974 462.177
578.628 -35.267 462.210
581.242 -31.356 462.157
583.545 -27.240 462.178
585.517 -22.958 462.182
587.149 -18.535 462.179
588.429 -14.007 462.201
589.348 -9.389 462.194
589.899 -4.712 462.176
590.084 0.000 462.143
