0.000000 0.000000 0.000000 0.000000 0.000000 0.000000
1.245600 -0.012000 0.014400 -90.000000 -1.245600 90.000000
2.489400 -0.048000 0.050400 -90.000000 -2.489760 90.000000
3.731400 -0.108000 0.108000 -89.996400 -3.731040 90.000000
4.969800 -0.192000 0.194400 -89.996400 -4.969440 90.000000
6.203700 -0.300000 0.302400 -89.989200 -6.203520 90.000000
7.431300 -0.431520 0.432000 -89.982000 -7.431120 89.964000
8.652600 -0.587040 0.590400 -89.971200 -8.652240 89.964000
9.865800 -0.765600 0.770400 -89.956800 -9.866160 89.964000
11.070000 -0.967680 0.979200 -89.938800 -11.070000 89.928000
12.265200 -1.193280 1.209600 -89.917200 -12.264480 89.928000
13.448700 -1.441440 1.468800 -89.892000 -13.448880 89.892000
14.620500 -1.712640 1.749600 -89.859600 -14.621040 89.856000
15.780600 -2.005920 2.059200 -89.820000 -15.780960 89.820000
16.927200 -2.322240 2.390400 -89.776800 -16.927920 89.784000
18.060300 -2.660640 2.750400 -89.726400 -18.060480 89.712000
19.179000 -3.020640 3.132000 -89.668800 -19.179360 89.640000
20.282400 -3.402720 3.549600 -89.607600 -20.283120 89.568000
21.370500 -3.805920 3.988800 -89.535600 -21.371040 89.496000
22.442400 -4.230720 4.456800 -89.456400 -22.443840 89.424000
23.499000 -4.676640 4.953600 -89.366400 -23.500080 89.316000
23.499000 -4.270560 2.916000 86.882400 23.535360 -86.616000
23.499000 -3.901920 0.936000 83.214000 23.674320 -82.584000
23.499000 -3.570240 -0.986400 79.653600 23.911200 -78.696000
23.499000 -3.272640 -2.851200 76.215600 24.239520 -74.952000
23.499000 -3.008640 -4.672800 72.918000 24.653520 -71.316000
23.499000 -2.777280 -6.444000 69.768000 25.146720 -67.860000
23.499000 -2.577120 -8.172000 66.776400 25.714080 -64.548000
23.499000 -2.408160 -9.864000 63.946800 26.348400 -61.380000
23.499000 -2.269440 -11.520000 61.272000 27.045360 -58.392000
23.499000 -2.160480 -13.132800 58.755600 27.798480 -55.548000
23.499000 -2.081280 -14.716800 56.390400 28.604160 -52.884000
23.499000 -2.030880 -16.264800 54.172800 29.458080 -50.328000
23.499000 -2.009760 -17.776800 52.092000 30.355200 -47.952000
23.499000 -2.017440 -19.267200 50.140800 31.293360 -45.684000
23.499000 -2.054400 -20.721600 48.315600 32.268240 -43.524000
23.499000 -2.119680 -22.154400 46.605600 33.278400 -41.472000
23.499000 -2.213760 -23.551200 45.007200 34.320960 -39.564000
23.499000 -2.337120 -24.926400 43.506000 35.393040 -37.728000
23.499000 -2.489280 -26.272800 42.098400 36.493920 -36.000000
23.499000 -2.670720 -27.597600 40.780800 37.620720 -34.344000
22.442400 -2.242080 -28.051200 39.312000 37.053360 -33.156000
21.370500 -1.831680 -28.476000 37.785600 36.491760 -31.932000
20.282400 -1.440000 -28.886400 36.201600 35.938800 -30.636000
19.179000 -1.068000 -29.268000 34.552800 35.396640 -29.304000
18.060300 -0.715680 -29.628000 32.839200 34.867440 -27.900000
16.927200 -0.384000 -29.966400 31.060800 34.353360 -26.424000
15.780600 -0.072480 -30.276000 29.217600 33.858000 -24.912000
14.620500 0.217440 -30.571200 27.306000 33.383520 -23.328000
13.448700 0.485760 -30.837600 25.326000 32.933520 -21.672000
12.265200 0.732480 -31.075200 23.281200 32.509440 -19.944000
11.070000 0.957120 -31.298400 21.171600 32.114880 -18.180000
9.865800 1.158720 -31.492800 19.000800 31.753440 -16.308000
8.652600 1.337280 -31.665600 16.768800 31.426560 -14.436000
7.431300 1.492800 -31.816800 14.486400 31.137840 -12.456000
6.203700 1.624800 -31.946400 12.150000 30.888720 -10.476000
4.969800 1.733280 -32.047200 9.774000 30.682080 -8.424000
3.731400 1.817280 -32.126400 7.362000 30.518640 -6.336000
2.489400 1.877760 -32.184000 4.924800 30.401280 -4.248000
1.245600 1.914240 -32.220000 2.466000 30.330720 -2.124000
0.000000 1.926240 -32.234400 0.000000 30.306960 0.000000
0.000000 2.110560 -30.895200 0.000000 28.783440 0.000000
0.000000 2.265120 -29.534400 0.000000 27.266400 0.000000
0.000000 2.389440 -28.144800 0.000000 25.756560 0.000000
0.000000 2.484000 -26.733600 0.000000 24.251040 0.000000
0.000000 2.549280 -25.300800 0.000000 22.750560 0.000000
0.000000 2.585280 -23.839200 0.000000 21.252960 0.000000
0.000000 2.592480 -22.348800 0.000000 19.758240 0.000000
0.000000 2.570400 -20.836800 0.000000 18.264960 0.000000
0.000000 2.520000 -19.288800 0.000000 16.772400 0.000000
0.000000 2.440800 -17.719200 0.000000 15.278400 0.000000
0.000000 2.332320 -16.113600 0.000000 13.782960 0.000000
0.000000 2.195520 -14.479200 0.000000 12.284640 0.000000
0.000000 2.028960 -12.808800 0.000000 10.782000 0.000000
0.000000 1.832640 -11.102400 0.000000 9.272880 0.000000
0.000000 1.606560 -9.360000 0.000000 7.756560 0.000000
0.000000 1.349760 -7.581600 0.000000 6.231600 0.000000
0.000000 1.061760 -5.760000 0.000000 4.695120 0.000000
0.000000 0.741120 -3.888000 0.000000 3.146400 0.000000
0.000000 0.387840 -1.972800 0.000000 1.581840 0.000000
0.000000 0.000000 0.000000 0.000000 0.000000 0.000000
