232 -1 210
233 -1 210
234 -1 209
234 -1 208
235 -1 207
235 -1 206
236 -1 205
236 0 204
237 0 204
238 0 203
238 0 202
239 0 201
239 0 200
240 0 199
240 0 199
241 0 198
242 0 197
242 1 196
243 1 195
243 1 194
244 1 193
244 1 193
245 1 192
246 1 191
246 1 190
247 1 189
247 1 188
248 2 188
248 2 187
249 2 186
250 2 185
250 2 184
251 2 183
251 2 182
252 2 182
252 2 181
253 2 180
254 3 179
254 3 178
255 3 177
255 3 177
255 1 176
254 0 176
254 -2 176
253 -4 176
253 -5 175
253 -7 175
252 -9 175
252 -10 175
251 -12 174
251 -13 174
250 -15 174
250 -17 174
249 -18 173
249 -20 173
248 -22 173
248 -23 173
247 -25 172
247 -26 172
246 -28 172
246 -30 172
246 -31 171
245 -33 171
245 -35 171
244 -36 171
244 -38 170
243 -39 170
243 -41 170
242 -43 170
242 -44 169
241 -46 169
241 -48 169
240 -49 169
240 -51 168
239 -52 168
239 -54 168
239 -56 168
238 -57 167
238 -59 167
237 -61 167
237 -62 167
236 -62 168
235 -62 169
235 -61 170
234 -61 172
234 -61 173
233 -60 174
233 -60 176
232 -60 177
231 -59 178
231 -59 180
230 -59 181
230 -58 182
229 -58 184
229 -58 185
228 -58 186
227 -57 188
227 -57 189
226 -57 190
226 -56 192
225 -56 193
225 -56 194
224 -55 196
223 -55 197
223 -55 198
222 -55 199
222 -54 201
221 -54 202
220 -54 203
220 -53 205
219 -53 206
219 -53 207
218 -52 209
218 -52 210
217 -52 211
216 -51 213
216 -51 214
215 -51 215
215 -51 217
214 -50 218
214 -50 219
220 -51 222
227 -52 224
234 -53 226
240 -54 229
247 -55 231
254 -56 233
260 -57 236
267 -58 238
274 -59 240
280 -60 243
287 -61 245
294 -62 247
300 -63 250
307 -64 252
314 -65 254
320 -66 257
327 -67 259
334 -68 261
340 -69 263
347 -70 266
354 -71 268
360 -72 270
367 -73 273
374 -74 275
380 -75 277
387 -76 280
394 -77 282
400 -78 284
407 -79 287
414 -80 289
421 -81 291
427 -82 294
434 -83 296
441 -84 298
447 -85 301
454 -86 303
461 -87 306
467 -88 308
474 -89 310
481 -90 312
480 -90 310
479 -90 308
478 -90 305
476 -90 303
475 -90 301
474 -90 298
473 -90 296
472 -90 293
471 -90 291
470 -90 289
469 -90 286
468 -89 284
467 -89 281
466 -89 279
465 -89 277
464 -89 274
463 -89 272
462 -89 270
461 -89 267
460 -89 265
459 -89 262
458 -89 260
457 -89 258
456 -89 255
455 -89 253
454 -89 250
453 -89 248
452 -89 246
451 -89 243
449 -89 241
448 -89 239
447 -89 236
446 -89 234
445 -88 231
444 -88 229
443 -88 227
442 -88 224
441 -88 222
440 -88 219
439 -88 217
439 -86 217
440 -84 217
440 -82 217
440 -80 217
440 -78 217
440 -76 217
441 -73 217
441 -71 217
441 -69 217
441 -67 217
441 -65 217
442 -63 217
442 -61 217
442 -59 217
442 -57 217
443 -54 217
443 -52 217
443 -50 217
443 -48 217
443 -46 217
444 -44 217
444 -42 217
444 -40 217
444 -37 217
445 -35 217
445 -33 217
445 -31 217
445 -29 217
445 -27 217
446 -25 217
446 -23 217
446 -21 217
446 -18 217
446 -16 217
447 -14 217
447 -12 217
447 -10 217
447 -8 217
448 -6 217
448 -4 217
451 -5 222
454 -6 227
457 -7 232
460 -8 237
463 -9 243
466 -10 248
469 -11 253
472 -12 258
475 -13 263
478 -14 268
481 -15 274
484 -16 279
487 -17 284
490 -18 289
493 -19 294
496 -21 299
499 -22 305
502 -23 310
505 -24 315
508 -25 320
511 -26 325
514 -27 330
517 -28 336
520 -29 341
523 -30 346
526 -31 351
529 -32 356
532 -33 361
535 -34 367
538 -35 372
541 -36 377
544 -37 382
547 -38 387
550 -39 392
553 -41 398
556 -42 403
559 -43 408
562 -44 413
565 -45 418
568 -46 423
560 -43 418
551 -41 413
543 -39 407
534 -37 402
525 -34 397
517 -32 391
508 -30 386
500 -27 381
491 -25 375
483 -23 370
474 -21 365
466 -18 359
457 -16 354
449 -14 349
440 -11 343
432 -9 338
423 -7 333
414 -5 327
406 -2 322
397 0 316
389 2 311
380 5 306
372 7 300
363 9 295
355 11 290
346 14 284
338 16 279
329 18 274
321 21 268
312 23 263
303 25 258
295 27 252
286 30 247
278 32 242
269 34 236
261 37 231
252 39 226
244 41 220
235 43 215
227 46 210
227 45 208
227 45 207
227 45 206
227 44 205
227 44 204
227 44 203
227 43 202
228 43 201
228 43 200
228 43 199
228 42 198
228 42 197
228 42 196
228 41 194
228 41 193
228 41 192
228 40 191
229 40 190
229 40 189
229 39 188
229 39 187
229 39 186
229 38 185
229 38 184
229 38 183
229 37 182
230 37 180
230 37 179
230 36 178
230 36 177
230 36 176
230 35 175
230 35 174
230 35 173
230 34 172
230 34 171
231 34 170
231 33 169
231 33 167
231 33 166
231 31 167
231 29 167
232 28 167
232 26 167
232 24 167
232 23 167
233 21 167
233 19 168
233 18 168
233 16 168
233 15 168
234 13 168
234 11 168
234 10 168
234 8 169
235 6 169
235 5 169
235 3 169
235 1 169
236 0 169
236 -2 170
236 -4 170
236 -5 170
236 -7 170
237 -9 170
237 -10 170
237 -12 170
237 -14 171
238 -15 171
238 -17 171
238 -19 171
238 -20 171
239 -22 171
239 -24 172
239 -25 172
239 -27 172
240 -29 172
240 -30 172
240 -32 172
240 -34 172
241 -33 174
241 -33 176
241 -32 178
242 -32 180
242 -31 182
242 -31 184
243 -30 186
243 -30 187
244 -29 189
244 -29 191
244 -28 193
245 -28 195
245 -27 197
246 -27 199
246 -26 201
246 -25 203
247 -25 204
247 -24 206
247 -24 208
248 -23 210
248 -23 212
249 -22 214
249 -22 216
249 -21 218
250 -21 220
250 -20 221
251 -20 223
251 -19 225
251 -19 227
252 -18 229
252 -18 231
252 -17 233
253 -17 235
253 -16 236
254 -16 238
254 -15 240
254 -15 242
255 -14 244
255 -14 246
256 -13 248
260 -14 247
264 -15 247
268 -16 247
272 -17 246
277 -18 246
281 -19 246
285 -20 245
289 -21 245
294 -21 245
298 -22 244
302 -23 244
306 -24 244
311 -25 243
315 -26 243
319 -27 243
323 -28 242
328 -29 242
332 -30 242
336 -31 241
340 -31 241
344 -32 241
349 -33 240
353 -34 240
357 -35 240
361 -36 239
366 -37 239
370 -38 239
374 -39 238
378 -40 238
383 -41 238
387 -41 237
391 -42 237
395 -43 237
399 -44 236
404 -45 236
408 -46 236
412 -47 235
416 -48 235
421 -49 235
425 -50 234
425 -49 234
424 -48 233
424 -47 233
424 -47 232
424 -46 232
424 -45 231
423 -44 231
423 -44 230
423 -43 230
423 -42 229
423 -42 229
422 -41 228
422 -40 228
422 -39 227
422 -39 227
421 -38 226
421 -37 226
421 -36 225
421 -36 225
421 -35 224
420 -34 224
420 -33 223
420 -33 223
420 -32 222
419 -31 221
419 -30 221
419 -30 220
419 -29 220
419 -28 219
418 -27 219
418 -27 218
418 -26 218
418 -25 217
418 -24 217
417 -24 216
417 -23 216
417 -22 215
417 -21 215
416 -21 214
416 -20 214
418 -20 219
420 -20 224
422 -21 229
424 -21 234
426 -21 239
427 -22 244
429 -22 249
431 -22 254
433 -22 259
435 -23 264
437 -23 270
439 -23 275
441 -23 280
442 -24 285
444 -24 290
446 -24 295
448 -24 300
450 -25 305
452 -25 310
454 -25 315
456 -25 320
457 -26 325
459 -26 331
461 -26 336
463 -26 341
465 -27 346
467 -27 351
469 -27 356
471 -27 361
472 -28 366
474 -28 371
476 -28 376
478 -29 381
480 -29 386
482 -29 392
484 -29 397
486 -30 402
487 -30 407
489 -30 412
491 -30 417
